
0.66843020000000 
0.93089740000000 
3.31807400000000 
3.35563600000000 
2.75419000000000 
1.19803400000000 
3.19416100000000 
-4.03125200000000 
-1.99090100000000 
2.13033700000000 
-4.42612200000000 
13.60940000000000 
11.32439000000000 
13.70420000000000 
11.74434000000000 
6.35315600000000 
12.29515000000000 
9.33390800000000 
1.88572100000000 
2.47636300000000 
0.54686620000000 
1.14637400000000 
7.39135000000000 
3.40510600000000 
1.02053300000000 
-2.62814900000000 
-5.33271900000000 
-3.88370500000000 
-1.69052300000000 
3.64461500000000 
3.61962300000000 
9.01315000000000 
2.20324000000000 
3.15732300000000 
2.41711500000000 
-2.61944700000000 
1.46558900000000 
-0.35203530000000 
4.23732400000000 
1.10306300000000 
-1.51059000000000 
2.18616400000000 
-6.04260400000000 
-10.23857000000000 
2.13959500000000 
6.90464200000000 
7.06585800000000 
3.56595700000000 
5.30954200000000 
-2.81322800000000 
-1.23363200000000 
7.48647000000000 
-3.72719500000000 
-1.75369900000000 
-7.93767800000000 
1.49278900000000 
5.86090100000000 
6.07160600000000 
8.06638100000000 
6.20000300000000 
1.75227400000000 
2.28249500000000 
-1.35423900000000 
3.12432800000000 
3.13368500000000 
5.94324900000000 
1.13688700000000 
7.75985500000000 
2.98966800000000 
2.91425800000000 
-0.33683890000000 
8.04164500000000 
4.53042200000000 
4.95037300000000 
9.04900000000000 
8.15340400000000 
0.43310190000000 
1.66006400000000 
2.05271600000000 
2.16513200000000 
-1.16217600000000 
1.22255500000000 
1.26242400000000 
5.76705300000000 
5.56908300000000 
1.34121800000000 
-0.06891196000000 
4.24893300000000 
-0.64599340000000 
0.53904400000000 
-4.13527900000000 
-2.96086800000000 
-1.65996900000000 
1.35189000000000 
-6.25581000000000 
8.50067600000000 
-0.00193423000000 
0.38048510000000 
-1.17535600000000 
3.39095400000000 
6.96592200000000 
1.93936400000000 
4.85933500000000 
8.36239000000000 
0.65001880000000 
-3.14047700000000 
2.41209400000000 
-5.43559300000000 
-0.25598390000000 
-6.31032400000000 
-4.84797900000000 
-7.93388100000000 
1.46865900000000 
5.12081400000000 
2.84800300000000 
7.60043300000000 
1.14222800000000 
-0.08500737000000 
2.19001100000000 
3.39248000000000 
6.28712200000000 
4.39539100000000 
-2.26825500000000 
-0.81156050000000 
12.79408000000000 
1.64083400000000 
2.67088900000000 
-1.32277200000000 
-0.73714460000000 
0.78684090000000 
-1.01426800000000 
0.29783000000000 
-11.23875000000000 
-1.92019500000000 
6.56275800000000 
6.29752600000000 
-4.70606700000000 
3.47623200000000 
-6.41238500000000 
-8.02670400000000 
0.38092300000000 
-3.07563100000000 
-0.56436470000000 
2.98668000000000 
7.55956800000000 
5.86759600000000 
6.04558000000000 
7.12521100000000 
4.98643800000000 
1.82423100000000 
1.53969400000000 
3.60044000000000 
1.28229400000000 
4.67147200000000 
1.18992500000000 
2.92414100000000 
-0.79302500000000 
0.90167730000000 
0.96353050000000 
1.08164100000000 
2.81198500000000 
2.41759800000000 
4.86034600000000 
1.23455800000000 
3.13012200000000 
1.39862800000000 
4.12625800000000 
2.76004500000000 
2.09287100000000 
1.25089100000000 
-0.44265430000000 
3.15007900000000 
0.43605060000000 
-2.83495000000000 
-5.11341200000000 
-3.06338700000000 
0.85929890000000 
0.04126980000000 
0.00090963720000 
3.69668800000000 
1.62919900000000 
2.00007700000000 
3.11113900000000 
-1.01122400000000 
0.66498600000000 
1.24841300000000 
3.51147500000000 
-1.11773300000000 
3.81144700000000 
2.43634300000000 
1.99234400000000 
0.04615776000000 
-0.37002600000000 
2.46603900000000 
-0.17938400000000 
