
1.25185449322855 
-0.06184729110853 
2.74762987682814 
-4.95070631950549 
-0.79584079131709 
3.46421600416023 
-4.64255040186709 
14.45710493137723 
7.14930393078715 
8.24017825537647 
5.36338429759937 
1.87584353012833 
9.71865781962427 
5.64537728433315 
-1.79905786201602 
1.27953808550072 
0.61812207473024 
1.46804833164146 
7.11868874694638 
0.97743382961378 
-1.04080328344175 
-3.25357152383970 
-3.90310593720123 
-1.43082416326585 
0.38648301376551 
4.44821264711832 
2.10952363266864 
6.95846840797309 
-1.43258991288864 
1.58194074000643 
1.45700365736200 
-3.04430411756791 
2.25456187680332 
-0.20742258212412 
4.35192414808315 
-0.49857145533547 
-2.31379846879838 
2.55915831091043 
-6.20426539781302 
-8.39966680173583 
6.27954976184630 
7.65973033464308 
3.83377997724091 
-0.60098367498612 
3.42650623562048 
-4.41005972507975 
-0.33027292552682 
8.63014842073821 
-5.65792863844985 
-1.73091121243854 
-6.89782673093828 
5.02550554814853 
6.05545348341297 
3.67158824784284 
4.56720003678960 
2.86033291821189 
-0.83495410663363 
1.47922331276216 
-1.59665281649146 
3.83944396224620 
2.42813065834699 
4.66182960411962 
-1.37290735210424 
6.89736472314121 
0.54390541827448 
1.41570631663242 
-1.54549886438419 
8.47715320858062 
2.14302276270296 
2.61682186214298 
6.82422442008744 
5.18791620126848 
-3.06912488004571 
0.95771431428142 
2.29654634570741 
1.96887972694243 
-2.11040543998376 
1.49477923789733 
1.19969719562463 
5.35873568887691 
3.36385155939478 
-1.17882035854062 
-1.09049610629080 
4.64900343400139 
-1.57546977936916 
0.31718017396059 
-4.20116412782569 
-1.26881251237035 
-0.16901648888823 
2.31116715872990 
-6.88230341134319 
10.16511619135446 
-2.18856896982711 
-0.67001745506829 
-1.77396002341219 
4.47988066195494 
5.97691581576163 
-0.83664600825139 
3.21885838370791 
6.82343164206643 
-2.18828841000045 
-4.24334975978510 
3.88654400804515 
-5.10430741673994 
1.29416390714943 
-5.76428515345716 
-2.51931509945874 
-5.94498340702799 
4.70714736740556 
5.07024331070810 
0.43142825474794 
5.28793409479792 
-1.62633579399908 
-0.99477388895631 
2.38499091568423 
3.33647785807180 
4.95241924492631 
1.83788412273438 
-4.35640687227334 
-0.26893301609058 
13.95295446330252 
-2.21412826131532 
0.23522078970365 
-2.39776261569122 
0.49065987200183 
1.37611349202973 
-0.96242620063995 
0.41566543045584 
-11.26387131422606 
1.89925384532112 
8.59822080083854 
4.25702127936629 
-8.69178827504116 
4.13272303999682 
-6.34256501238177 
-5.80705723469574 
3.55439263269402 
-1.90658974259072 
-0.20523911004346 
2.88356301359082 
6.62989889848473 
2.64783526963950 
3.04925719450898 
4.64070446576129 
2.49755988882336 
-0.22915423346287 
0.86045125332021 
3.50680911771728 
0.31475606845110 
3.93918277199014 
-0.39080792437429 
2.23542343800433 
-1.78398754281294 
1.20472049186049 
0.89238192051322 
0.88587049478684 
2.25898505166712 
1.41262473999182 
3.76845350310339 
-0.60569040454640 
2.34287507238733 
0.43290175938902 
3.67838510461642 
1.31757110275128 
0.90486311512352 
0.34053551135750 
-0.75520940978227 
3.39516560129131 
-0.37706775573111 
-3.28980639632061 
-4.22294470532996 
-0.68497661969900 
2.57748041590267 
-0.14055443803721 
-0.59882669327403 
3.43138489469213 
0.45487756244176 
0.96874088865602 
2.25455348677877 
-1.98791517387992 
0.75910300242464 
1.35818020408360 
3.26479199138515 
-2.55049782425633 
3.79834503536504 
1.43450785937086 
0.96592476116227 
-1.01010674469556 
-0.29253149209430 
2.81526486425138 
-0.79026277139404 
