
       2.4409857        2.4409854 
       2.4425183        2.4392789 
       2.4458505        2.4377382 
       2.4475494        2.4416794 
       2.4487229        2.4439596 
       2.4500906        2.4428995 
       2.4526352        2.4356690 
       2.4515694        2.4420796 
       2.4560845        2.4034077 
       2.4624013        2.3879444 
       2.4653296        2.4021384 
       2.4806320        2.3525276 
       2.4842713        2.4653923 
       2.4838398        2.5180447 
       2.4767499        2.5855147 
       2.4668375        2.6264269 
       2.4602730        2.6298779 
       2.4455138        2.7271131 
       2.4247348        2.7772871 
       2.4069166        2.7312815 
       2.3889600        2.7257575 
       2.3730603        2.7100544 
       2.3597685        2.7064129 
       2.3400881        2.7905158 
       2.3196752        2.7781614 
       2.2996528        2.7321136 
       2.2822266        2.6468080 
       2.2695436        2.5478556 
       2.2596294        2.4918226 
       2.2524083        2.4687747 
       2.2428513        2.5236367 
       2.2342174        2.5336771 
       2.2186275        2.6419760 
       2.2062892        2.5788753 
       2.1932330        2.5786273 
       2.1782325        2.5753696 
       2.1685199        2.4733507 
       2.1580112        2.4887014 
       2.1501027        2.4480835 
       2.1382804        2.5126197 
       2.1283942        2.4639049 
       2.1216684        2.3720524 
       2.1085686        2.3976145 
       2.1007399        2.2084555 
       2.1069818        1.9649316 
       2.1102166        2.0901235 
       2.1075094        2.2501867 
       2.1017517        2.3125668 
       2.0974258        2.2601665 
       2.0888405        2.3137454 
       2.0875778        2.1584943 
       2.0908188        2.1132038 
       2.0823565        2.3103472 
       2.0789832        2.1160260 
       2.0761726        2.0317564 
       2.0844857        1.8040415 
       2.0905641        1.9115877 
       2.0928426        2.0474686 
       2.0939225        2.1152653 
       2.0918380        2.2088428 
       2.0869471        2.2524077 
       2.0839718        2.1883484 
       2.0796877        2.1920316 
       2.0800644        2.1049386 
       2.0779509        2.1788625 
       2.0754703        2.2100471 
       2.0689447        2.3076941 
       2.0677643        2.2237822 
       2.0592367        2.3896299 
       2.0510173        2.3612805 
       2.0424483        2.3598735 
       2.0393991        2.2680683 
       2.0282146        2.4836086 
       2.0177382        2.5018000 
       2.0084771        2.5347938 
       1.9936244        2.6973500 
       1.9724827        2.8066616 
       1.9565827        2.6577041 
       1.9414883        2.6362354 
       1.9249655        2.6561572 
       1.9059417        2.6653255 
       1.8905361        2.5461917 
       1.8755983        2.5425673 
       1.8628140        2.5295111 
       1.8454427        2.6486677 
       1.8245627        2.7029084 
       1.8060804        2.6120180 
       1.7916036        2.5253473 
       1.7722582        2.6230169 
       1.7550639        2.5196204 
       1.7362841        2.4789038 
       1.7232313        2.2934697 
       1.7117695        2.2053181 
       1.7012877        2.1539728 
       1.6879058        2.1837488 
       1.6869088        1.9162208 
       1.6737474        2.2055354 
       1.6627004        2.0893446 
       1.6531451        2.0252593 
       1.6486255        1.9262952 
       1.6412111        2.0321027 
       1.6280182        2.1850354 
       1.6191751        2.1135616 
       1.6093323        2.1760668 
       1.5914347        2.3549187 
       1.5756084        2.2358332 
       1.5666095        2.0516734 
       1.5524431        2.1364211 
       1.5450994        1.9242715 
       1.5340306        1.9262556 
       1.5278701        1.6961842 
       1.5236085        1.5770150 
       1.5288582        1.3473003 
       1.5315824        1.4724404 
       1.5303116        1.6077409 
       1.5308154        1.5887513 
       1.5248423        1.7310024 
       1.5208315        1.6423918 
       1.5197773        1.5762090 
       1.5190901        1.6223642 
       1.5175356        1.6987518 
       1.5097148        1.8274588 
       1.4988166        1.8510474 
       1.4954625        1.6693093 
       1.4983315        1.6258494 
       1.4851539        2.0535893 
       1.4747764        1.9380638 
       1.4639954        1.9068278 
       1.4569468        1.7882305 
       1.4515012        1.7669156 
       1.4447950        1.7752120 
       1.4375090        1.7057560 
       1.4258521        1.6835911 
       1.4304761        1.2739385 
       1.4372080        1.3089958 
       1.4357882        1.5655544 
       1.4281187        1.6739599 
       1.4313624        1.3512036 
       1.4274041        1.4607297 
       1.4296742        1.2188628 
       1.4400293       0.99938322 
       1.4455698        1.0951609 
       1.4539865        1.0072811 
       1.4650493       0.97864084 
       1.4759295        1.0536710 
       1.4810851        1.2522696 
       1.4857141        1.3151483 
       1.4895647        1.3905926 
       1.4893339        1.5174279 
       1.4868672        1.5701738 
       1.4857490        1.5308932 
       1.4856819        1.5282122 
       1.4827601        1.6132683 
       1.4817503        1.5901893 
       1.4769910        1.6884954 
       1.4738343        1.6405037 
       1.4681819        1.6810283 
       1.4655788        1.5865753 
       1.4625697        1.5934280 
       1.4594889        1.5895618 
       1.4571511        1.5855860 
       1.4537627        1.6276600 
       1.4507065        1.6407750 
       1.4437450        1.7324033 
       1.4389033        1.6763998 
       1.4326236        1.7198708 
       1.4280467        1.6985346 
       1.4206258        1.7858390 
       1.4124094        1.7927001 
       1.4038095        1.7857308 
       1.3959814        1.7599770 
       1.3913458        1.6979103 
       1.3829709        1.7754447 
       1.3735414        1.7255173 
       1.3667526        1.5794868 
       1.3655758        1.4048946 
       1.3664579        1.3513283 
       1.3648308        1.4076767 
       1.3641757        1.3726675 
       1.3659743        1.3236226 
       1.3649707        1.4102612 
       1.3647176        1.3959203 
       1.3644037        1.3993043 
       1.3611423        1.4455172 
       1.3614617        1.3490415 
       1.3621761        1.3461375 
       1.3626588        1.3630153 
       1.3595069        1.4433003 
       1.3616267        1.3280462 
       1.3607593        1.4271519 
       1.3588237        1.4452034 
       1.3560146        1.4474450 
       1.3551837        1.3836911 
       1.3561675        1.3448708 
       1.3542898        1.4104316 
